{
 "cells": [
  {
   "cell_type": "markdown",
   "id": "e0d2394c",
   "metadata": {},
   "source": [
    "<p>The dataset being used from hrv-covid19 repo is the hrv_measurements.csv. This data contains information based on heart rate variability obtained from covid-19 participants via the Welltory app. The dataset contains 3245 entries and 22 columns/features.<p>"
   ]
  },
  {
   "cell_type": "code",
   "execution_count": 44,
   "id": "c42e4594",
   "metadata": {},
   "outputs": [],
   "source": [
    "import pandas as pd\n",
    "import numpy as np\n",
    "import matplotlib.pyplot as plt\n",
    "import seaborn as sns"
   ]
  },
  {
   "cell_type": "code",
   "execution_count": 45,
   "id": "b5cdae0e",
   "metadata": {},
   "outputs": [
    {
     "data": {
      "text/plain": [
       "(3245, 22)"
      ]
     },
     "execution_count": 45,
     "metadata": {},
     "output_type": "execute_result"
    }
   ],
   "source": [
    "df = pd.read_csv('../data/hrv_measurements.csv')\n",
    "df.shape"
   ]
  },
  {
   "cell_type": "code",
   "execution_count": 46,
   "id": "f8a2ded8",
   "metadata": {},
   "outputs": [
    {
     "name": "stdout",
     "output_type": "stream",
     "text": [
      "user_code                object\n",
      "rr_code                  object\n",
      "measurement_datetime     object\n",
      "time_of_day              object\n",
      "bpm                       int64\n",
      "meanrr                  float64\n",
      "mxdmn                   float64\n",
      "sdnn                    float64\n",
      "rmssd                   float64\n",
      "pnn50                   float64\n",
      "mode                    float64\n",
      "amo                     float64\n",
      "lf                      float64\n",
      "hf                      float64\n",
      "vlf                     float64\n",
      "lfhf                    float64\n",
      "total_power             float64\n",
      "how_feel                  int64\n",
      "how_mood                  int64\n",
      "how_sleep               float64\n",
      "tags                     object\n",
      "rr_data                  object\n",
      "dtype: object\n"
     ]
    }
   ],
   "source": [
    "print(df.dtypes)"
   ]
  },
  {
   "cell_type": "markdown",
   "id": "32c2ac03",
   "metadata": {},
   "source": [
    "<h2>Data Context and Data Sampling</h2>\n",
    "<p>The context of this data revolves around heart rate variability which was obtained from covid-19 participants who use the Welltory app. The data seems to be observational and possibly from equipment used. This data can be used to explore psychological changes due to symptoms, recovery trend, or general health analyzation.</p>\n",
    "\n",
    "<h3>Missing Data/Handling Outliers</h3>\n",
    "<p>From the data, we can see that there is missing data in how_sleep and tags column, and there are 54 participants where the data was only recorded once. This would make the data analysis biased and are outliers. Suggestion to handle the missing data by filling in the average sleep score for the participant and for tags, to use tags that have been assigned to the user in a previously recorded entry. However, the tag column may be dropped as a whole<p>"
   ]
  },
  {
   "cell_type": "code",
   "execution_count": 47,
   "id": "1f9b39be",
   "metadata": {},
   "outputs": [
    {
     "data": {
      "text/plain": [
       "user_code                  0\n",
       "rr_code                    0\n",
       "measurement_datetime       0\n",
       "time_of_day                0\n",
       "bpm                        0\n",
       "meanrr                     0\n",
       "mxdmn                      0\n",
       "sdnn                       0\n",
       "rmssd                      0\n",
       "pnn50                      0\n",
       "mode                       0\n",
       "amo                        0\n",
       "lf                         0\n",
       "hf                         0\n",
       "vlf                        0\n",
       "lfhf                       0\n",
       "total_power                0\n",
       "how_feel                   0\n",
       "how_mood                   0\n",
       "how_sleep               1779\n",
       "tags                    1044\n",
       "rr_data                    0\n",
       "dtype: int64"
      ]
     },
     "execution_count": 47,
     "metadata": {},
     "output_type": "execute_result"
    }
   ],
   "source": [
    "missing_values = df.isnull().sum()\n",
    "missing_values"
   ]
  },
  {
   "cell_type": "code",
   "execution_count": 48,
   "id": "37d5125d",
   "metadata": {},
   "outputs": [
    {
     "data": {
      "text/plain": [
       "54"
      ]
     },
     "execution_count": 48,
     "metadata": {},
     "output_type": "execute_result"
    }
   ],
   "source": [
    "user_counts = df.groupby('user_code').size()\n",
    "single_row_entry = user_counts[user_counts == 1]\n",
    "len(single_row_entry)"
   ]
  },
  {
   "cell_type": "code",
   "execution_count": 49,
   "id": "9f0b0be4",
   "metadata": {},
   "outputs": [
    {
     "data": {
      "text/plain": [
       "user_code               0\n",
       "rr_code                 0\n",
       "measurement_datetime    0\n",
       "time_of_day             0\n",
       "bpm                     0\n",
       "meanrr                  0\n",
       "mxdmn                   0\n",
       "sdnn                    0\n",
       "rmssd                   0\n",
       "pnn50                   0\n",
       "mode                    0\n",
       "amo                     0\n",
       "lf                      0\n",
       "hf                      0\n",
       "vlf                     0\n",
       "lfhf                    0\n",
       "total_power             0\n",
       "how_feel                0\n",
       "how_mood                0\n",
       "how_sleep               0\n",
       "rr_data                 0\n",
       "dtype: int64"
      ]
     },
     "execution_count": 49,
     "metadata": {},
     "output_type": "execute_result"
    }
   ],
   "source": [
    "df = df.drop('tags', axis=1)\n",
    "\n",
    "df['how_sleep'] = df['how_sleep'].fillna(df.groupby('user_code')['how_sleep'].transform('mean'))\n",
    "df_clean = df.dropna()\n",
    "\n",
    "missing_values = df_clean.isnull().sum()\n",
    "missing_values"
   ]
  },
  {
   "cell_type": "markdown",
   "id": "a8f74f93",
   "metadata": {},
   "source": [
    "<h3>Exploring Correlation Between Features </h3>\n",
    "<p> To explore the correlations between features, a correlation matrix is shown below. There is a negative correlation between bpm and meanrr which is the average time between each heart beat, which further verifies the data integrity. Based on the results of this correlation matrix, it will guide the analysis of features</p>"
   ]
  },
  {
   "cell_type": "code",
   "execution_count": 50,
   "id": "aa73c910",
   "metadata": {},
   "outputs": [
    {
     "data": {
      "text/html": [
       "<div>\n",
       "<style scoped>\n",
       "    .dataframe tbody tr th:only-of-type {\n",
       "        vertical-align: middle;\n",
       "    }\n",
       "\n",
       "    .dataframe tbody tr th {\n",
       "        vertical-align: top;\n",
       "    }\n",
       "\n",
       "    .dataframe thead th {\n",
       "        text-align: right;\n",
       "    }\n",
       "</style>\n",
       "<table border=\"1\" class=\"dataframe\">\n",
       "  <thead>\n",
       "    <tr style=\"text-align: right;\">\n",
       "      <th></th>\n",
       "      <th>bpm</th>\n",
       "      <th>meanrr</th>\n",
       "      <th>mxdmn</th>\n",
       "      <th>sdnn</th>\n",
       "      <th>rmssd</th>\n",
       "      <th>pnn50</th>\n",
       "      <th>mode</th>\n",
       "      <th>amo</th>\n",
       "      <th>lf</th>\n",
       "      <th>hf</th>\n",
       "      <th>vlf</th>\n",
       "      <th>lfhf</th>\n",
       "      <th>total_power</th>\n",
       "      <th>how_feel</th>\n",
       "      <th>how_mood</th>\n",
       "      <th>how_sleep</th>\n",
       "    </tr>\n",
       "  </thead>\n",
       "  <tbody>\n",
       "    <tr>\n",
       "      <th>bpm</th>\n",
       "      <td>1.000000</td>\n",
       "      <td>-0.977685</td>\n",
       "      <td>-0.335983</td>\n",
       "      <td>-0.335998</td>\n",
       "      <td>-0.210325</td>\n",
       "      <td>-0.405911</td>\n",
       "      <td>-0.956579</td>\n",
       "      <td>0.543540</td>\n",
       "      <td>-0.166392</td>\n",
       "      <td>-0.102396</td>\n",
       "      <td>-0.237563</td>\n",
       "      <td>0.002740</td>\n",
       "      <td>-0.180134</td>\n",
       "      <td>-0.068574</td>\n",
       "      <td>-0.030835</td>\n",
       "      <td>-0.068865</td>\n",
       "    </tr>\n",
       "    <tr>\n",
       "      <th>meanrr</th>\n",
       "      <td>-0.977685</td>\n",
       "      <td>1.000000</td>\n",
       "      <td>0.341041</td>\n",
       "      <td>0.343663</td>\n",
       "      <td>0.228822</td>\n",
       "      <td>0.444544</td>\n",
       "      <td>0.978960</td>\n",
       "      <td>-0.531257</td>\n",
       "      <td>0.172107</td>\n",
       "      <td>0.126527</td>\n",
       "      <td>0.239404</td>\n",
       "      <td>-0.030885</td>\n",
       "      <td>0.198068</td>\n",
       "      <td>0.077976</td>\n",
       "      <td>0.033285</td>\n",
       "      <td>0.065284</td>\n",
       "    </tr>\n",
       "    <tr>\n",
       "      <th>mxdmn</th>\n",
       "      <td>-0.335983</td>\n",
       "      <td>0.341041</td>\n",
       "      <td>1.000000</td>\n",
       "      <td>0.955433</td>\n",
       "      <td>0.848335</td>\n",
       "      <td>0.776700</td>\n",
       "      <td>0.253814</td>\n",
       "      <td>-0.749576</td>\n",
       "      <td>0.717389</td>\n",
       "      <td>0.743648</td>\n",
       "      <td>0.488287</td>\n",
       "      <td>0.021204</td>\n",
       "      <td>0.850082</td>\n",
       "      <td>0.102839</td>\n",
       "      <td>0.084211</td>\n",
       "      <td>0.065716</td>\n",
       "    </tr>\n",
       "    <tr>\n",
       "      <th>sdnn</th>\n",
       "      <td>-0.335998</td>\n",
       "      <td>0.343663</td>\n",
       "      <td>0.955433</td>\n",
       "      <td>1.000000</td>\n",
       "      <td>0.909962</td>\n",
       "      <td>0.811004</td>\n",
       "      <td>0.251739</td>\n",
       "      <td>-0.759951</td>\n",
       "      <td>0.743537</td>\n",
       "      <td>0.776944</td>\n",
       "      <td>0.485911</td>\n",
       "      <td>-0.027088</td>\n",
       "      <td>0.880524</td>\n",
       "      <td>0.087985</td>\n",
       "      <td>0.063687</td>\n",
       "      <td>0.035820</td>\n",
       "    </tr>\n",
       "    <tr>\n",
       "      <th>rmssd</th>\n",
       "      <td>-0.210325</td>\n",
       "      <td>0.228822</td>\n",
       "      <td>0.848335</td>\n",
       "      <td>0.909962</td>\n",
       "      <td>1.000000</td>\n",
       "      <td>0.843786</td>\n",
       "      <td>0.124061</td>\n",
       "      <td>-0.596701</td>\n",
       "      <td>0.630327</td>\n",
       "      <td>0.859192</td>\n",
       "      <td>0.272453</td>\n",
       "      <td>-0.167341</td>\n",
       "      <td>0.843367</td>\n",
       "      <td>0.060213</td>\n",
       "      <td>0.034599</td>\n",
       "      <td>-0.011548</td>\n",
       "    </tr>\n",
       "    <tr>\n",
       "      <th>pnn50</th>\n",
       "      <td>-0.405911</td>\n",
       "      <td>0.444544</td>\n",
       "      <td>0.776700</td>\n",
       "      <td>0.811004</td>\n",
       "      <td>0.843786</td>\n",
       "      <td>1.000000</td>\n",
       "      <td>0.358377</td>\n",
       "      <td>-0.720697</td>\n",
       "      <td>0.558535</td>\n",
       "      <td>0.728861</td>\n",
       "      <td>0.286416</td>\n",
       "      <td>-0.187211</td>\n",
       "      <td>0.736611</td>\n",
       "      <td>0.068997</td>\n",
       "      <td>0.043164</td>\n",
       "      <td>-0.005773</td>\n",
       "    </tr>\n",
       "    <tr>\n",
       "      <th>mode</th>\n",
       "      <td>-0.956579</td>\n",
       "      <td>0.978960</td>\n",
       "      <td>0.253814</td>\n",
       "      <td>0.251739</td>\n",
       "      <td>0.124061</td>\n",
       "      <td>0.358377</td>\n",
       "      <td>1.000000</td>\n",
       "      <td>-0.470678</td>\n",
       "      <td>0.089071</td>\n",
       "      <td>0.017773</td>\n",
       "      <td>0.229900</td>\n",
       "      <td>-0.032100</td>\n",
       "      <td>0.095673</td>\n",
       "      <td>0.074932</td>\n",
       "      <td>0.032808</td>\n",
       "      <td>0.070020</td>\n",
       "    </tr>\n",
       "    <tr>\n",
       "      <th>amo</th>\n",
       "      <td>0.543540</td>\n",
       "      <td>-0.531257</td>\n",
       "      <td>-0.749576</td>\n",
       "      <td>-0.759951</td>\n",
       "      <td>-0.596701</td>\n",
       "      <td>-0.720697</td>\n",
       "      <td>-0.470678</td>\n",
       "      <td>1.000000</td>\n",
       "      <td>-0.549608</td>\n",
       "      <td>-0.472149</td>\n",
       "      <td>-0.440288</td>\n",
       "      <td>-0.080153</td>\n",
       "      <td>-0.603743</td>\n",
       "      <td>-0.080859</td>\n",
       "      <td>-0.073598</td>\n",
       "      <td>-0.051543</td>\n",
       "    </tr>\n",
       "    <tr>\n",
       "      <th>lf</th>\n",
       "      <td>-0.166392</td>\n",
       "      <td>0.172107</td>\n",
       "      <td>0.717389</td>\n",
       "      <td>0.743537</td>\n",
       "      <td>0.630327</td>\n",
       "      <td>0.558535</td>\n",
       "      <td>0.089071</td>\n",
       "      <td>-0.549608</td>\n",
       "      <td>1.000000</td>\n",
       "      <td>0.600925</td>\n",
       "      <td>0.335257</td>\n",
       "      <td>0.158899</td>\n",
       "      <td>0.829991</td>\n",
       "      <td>0.045976</td>\n",
       "      <td>0.033857</td>\n",
       "      <td>0.013023</td>\n",
       "    </tr>\n",
       "    <tr>\n",
       "      <th>hf</th>\n",
       "      <td>-0.102396</td>\n",
       "      <td>0.126527</td>\n",
       "      <td>0.743648</td>\n",
       "      <td>0.776944</td>\n",
       "      <td>0.859192</td>\n",
       "      <td>0.728861</td>\n",
       "      <td>0.017773</td>\n",
       "      <td>-0.472149</td>\n",
       "      <td>0.600925</td>\n",
       "      <td>1.000000</td>\n",
       "      <td>0.225652</td>\n",
       "      <td>-0.124835</td>\n",
       "      <td>0.911869</td>\n",
       "      <td>0.072488</td>\n",
       "      <td>0.036219</td>\n",
       "      <td>-0.002885</td>\n",
       "    </tr>\n",
       "    <tr>\n",
       "      <th>vlf</th>\n",
       "      <td>-0.237563</td>\n",
       "      <td>0.239404</td>\n",
       "      <td>0.488287</td>\n",
       "      <td>0.485911</td>\n",
       "      <td>0.272453</td>\n",
       "      <td>0.286416</td>\n",
       "      <td>0.229900</td>\n",
       "      <td>-0.440288</td>\n",
       "      <td>0.335257</td>\n",
       "      <td>0.225652</td>\n",
       "      <td>1.000000</td>\n",
       "      <td>0.020371</td>\n",
       "      <td>0.491421</td>\n",
       "      <td>0.082611</td>\n",
       "      <td>0.070242</td>\n",
       "      <td>0.095900</td>\n",
       "    </tr>\n",
       "    <tr>\n",
       "      <th>lfhf</th>\n",
       "      <td>0.002740</td>\n",
       "      <td>-0.030885</td>\n",
       "      <td>0.021204</td>\n",
       "      <td>-0.027088</td>\n",
       "      <td>-0.167341</td>\n",
       "      <td>-0.187211</td>\n",
       "      <td>-0.032100</td>\n",
       "      <td>-0.080153</td>\n",
       "      <td>0.158899</td>\n",
       "      <td>-0.124835</td>\n",
       "      <td>0.020371</td>\n",
       "      <td>1.000000</td>\n",
       "      <td>-0.016047</td>\n",
       "      <td>0.094961</td>\n",
       "      <td>0.110729</td>\n",
       "      <td>0.107520</td>\n",
       "    </tr>\n",
       "    <tr>\n",
       "      <th>total_power</th>\n",
       "      <td>-0.180134</td>\n",
       "      <td>0.198068</td>\n",
       "      <td>0.850082</td>\n",
       "      <td>0.880524</td>\n",
       "      <td>0.843367</td>\n",
       "      <td>0.736611</td>\n",
       "      <td>0.095673</td>\n",
       "      <td>-0.603743</td>\n",
       "      <td>0.829991</td>\n",
       "      <td>0.911869</td>\n",
       "      <td>0.491421</td>\n",
       "      <td>-0.016047</td>\n",
       "      <td>1.000000</td>\n",
       "      <td>0.081757</td>\n",
       "      <td>0.051350</td>\n",
       "      <td>0.024364</td>\n",
       "    </tr>\n",
       "    <tr>\n",
       "      <th>how_feel</th>\n",
       "      <td>-0.068574</td>\n",
       "      <td>0.077976</td>\n",
       "      <td>0.102839</td>\n",
       "      <td>0.087985</td>\n",
       "      <td>0.060213</td>\n",
       "      <td>0.068997</td>\n",
       "      <td>0.074932</td>\n",
       "      <td>-0.080859</td>\n",
       "      <td>0.045976</td>\n",
       "      <td>0.072488</td>\n",
       "      <td>0.082611</td>\n",
       "      <td>0.094961</td>\n",
       "      <td>0.081757</td>\n",
       "      <td>1.000000</td>\n",
       "      <td>0.639708</td>\n",
       "      <td>0.466584</td>\n",
       "    </tr>\n",
       "    <tr>\n",
       "      <th>how_mood</th>\n",
       "      <td>-0.030835</td>\n",
       "      <td>0.033285</td>\n",
       "      <td>0.084211</td>\n",
       "      <td>0.063687</td>\n",
       "      <td>0.034599</td>\n",
       "      <td>0.043164</td>\n",
       "      <td>0.032808</td>\n",
       "      <td>-0.073598</td>\n",
       "      <td>0.033857</td>\n",
       "      <td>0.036219</td>\n",
       "      <td>0.070242</td>\n",
       "      <td>0.110729</td>\n",
       "      <td>0.051350</td>\n",
       "      <td>0.639708</td>\n",
       "      <td>1.000000</td>\n",
       "      <td>0.419575</td>\n",
       "    </tr>\n",
       "    <tr>\n",
       "      <th>how_sleep</th>\n",
       "      <td>-0.068865</td>\n",
       "      <td>0.065284</td>\n",
       "      <td>0.065716</td>\n",
       "      <td>0.035820</td>\n",
       "      <td>-0.011548</td>\n",
       "      <td>-0.005773</td>\n",
       "      <td>0.070020</td>\n",
       "      <td>-0.051543</td>\n",
       "      <td>0.013023</td>\n",
       "      <td>-0.002885</td>\n",
       "      <td>0.095900</td>\n",
       "      <td>0.107520</td>\n",
       "      <td>0.024364</td>\n",
       "      <td>0.466584</td>\n",
       "      <td>0.419575</td>\n",
       "      <td>1.000000</td>\n",
       "    </tr>\n",
       "  </tbody>\n",
       "</table>\n",
       "</div>"
      ],
      "text/plain": [
       "                  bpm    meanrr     mxdmn      sdnn     rmssd     pnn50  \\\n",
       "bpm          1.000000 -0.977685 -0.335983 -0.335998 -0.210325 -0.405911   \n",
       "meanrr      -0.977685  1.000000  0.341041  0.343663  0.228822  0.444544   \n",
       "mxdmn       -0.335983  0.341041  1.000000  0.955433  0.848335  0.776700   \n",
       "sdnn        -0.335998  0.343663  0.955433  1.000000  0.909962  0.811004   \n",
       "rmssd       -0.210325  0.228822  0.848335  0.909962  1.000000  0.843786   \n",
       "pnn50       -0.405911  0.444544  0.776700  0.811004  0.843786  1.000000   \n",
       "mode        -0.956579  0.978960  0.253814  0.251739  0.124061  0.358377   \n",
       "amo          0.543540 -0.531257 -0.749576 -0.759951 -0.596701 -0.720697   \n",
       "lf          -0.166392  0.172107  0.717389  0.743537  0.630327  0.558535   \n",
       "hf          -0.102396  0.126527  0.743648  0.776944  0.859192  0.728861   \n",
       "vlf         -0.237563  0.239404  0.488287  0.485911  0.272453  0.286416   \n",
       "lfhf         0.002740 -0.030885  0.021204 -0.027088 -0.167341 -0.187211   \n",
       "total_power -0.180134  0.198068  0.850082  0.880524  0.843367  0.736611   \n",
       "how_feel    -0.068574  0.077976  0.102839  0.087985  0.060213  0.068997   \n",
       "how_mood    -0.030835  0.033285  0.084211  0.063687  0.034599  0.043164   \n",
       "how_sleep   -0.068865  0.065284  0.065716  0.035820 -0.011548 -0.005773   \n",
       "\n",
       "                 mode       amo        lf        hf       vlf      lfhf  \\\n",
       "bpm         -0.956579  0.543540 -0.166392 -0.102396 -0.237563  0.002740   \n",
       "meanrr       0.978960 -0.531257  0.172107  0.126527  0.239404 -0.030885   \n",
       "mxdmn        0.253814 -0.749576  0.717389  0.743648  0.488287  0.021204   \n",
       "sdnn         0.251739 -0.759951  0.743537  0.776944  0.485911 -0.027088   \n",
       "rmssd        0.124061 -0.596701  0.630327  0.859192  0.272453 -0.167341   \n",
       "pnn50        0.358377 -0.720697  0.558535  0.728861  0.286416 -0.187211   \n",
       "mode         1.000000 -0.470678  0.089071  0.017773  0.229900 -0.032100   \n",
       "amo         -0.470678  1.000000 -0.549608 -0.472149 -0.440288 -0.080153   \n",
       "lf           0.089071 -0.549608  1.000000  0.600925  0.335257  0.158899   \n",
       "hf           0.017773 -0.472149  0.600925  1.000000  0.225652 -0.124835   \n",
       "vlf          0.229900 -0.440288  0.335257  0.225652  1.000000  0.020371   \n",
       "lfhf        -0.032100 -0.080153  0.158899 -0.124835  0.020371  1.000000   \n",
       "total_power  0.095673 -0.603743  0.829991  0.911869  0.491421 -0.016047   \n",
       "how_feel     0.074932 -0.080859  0.045976  0.072488  0.082611  0.094961   \n",
       "how_mood     0.032808 -0.073598  0.033857  0.036219  0.070242  0.110729   \n",
       "how_sleep    0.070020 -0.051543  0.013023 -0.002885  0.095900  0.107520   \n",
       "\n",
       "             total_power  how_feel  how_mood  how_sleep  \n",
       "bpm            -0.180134 -0.068574 -0.030835  -0.068865  \n",
       "meanrr          0.198068  0.077976  0.033285   0.065284  \n",
       "mxdmn           0.850082  0.102839  0.084211   0.065716  \n",
       "sdnn            0.880524  0.087985  0.063687   0.035820  \n",
       "rmssd           0.843367  0.060213  0.034599  -0.011548  \n",
       "pnn50           0.736611  0.068997  0.043164  -0.005773  \n",
       "mode            0.095673  0.074932  0.032808   0.070020  \n",
       "amo            -0.603743 -0.080859 -0.073598  -0.051543  \n",
       "lf              0.829991  0.045976  0.033857   0.013023  \n",
       "hf              0.911869  0.072488  0.036219  -0.002885  \n",
       "vlf             0.491421  0.082611  0.070242   0.095900  \n",
       "lfhf           -0.016047  0.094961  0.110729   0.107520  \n",
       "total_power     1.000000  0.081757  0.051350   0.024364  \n",
       "how_feel        0.081757  1.000000  0.639708   0.466584  \n",
       "how_mood        0.051350  0.639708  1.000000   0.419575  \n",
       "how_sleep       0.024364  0.466584  0.419575   1.000000  "
      ]
     },
     "execution_count": 50,
     "metadata": {},
     "output_type": "execute_result"
    }
   ],
   "source": [
    "numeric_df = df_clean.select_dtypes(include=['int64', 'float64'])\n",
    "\n",
    "corr_matrix = numeric_df.corr()\n",
    "corr_matrix"
   ]
  },
  {
   "cell_type": "markdown",
   "id": "d1cf0ba4",
   "metadata": {},
   "source": [
    "<p>While exploring the features of mood score and sleep score, we can see that there is somewhat of a positive correlation and that how a participant sleeps affects a participant's mood</p>"
   ]
  },
  {
   "cell_type": "code",
   "execution_count": 51,
   "id": "db0cfb61",
   "metadata": {},
   "outputs": [
    {
     "data": {
      "text/html": [
       "<div>\n",
       "<style scoped>\n",
       "    .dataframe tbody tr th:only-of-type {\n",
       "        vertical-align: middle;\n",
       "    }\n",
       "\n",
       "    .dataframe tbody tr th {\n",
       "        vertical-align: top;\n",
       "    }\n",
       "\n",
       "    .dataframe thead th {\n",
       "        text-align: right;\n",
       "    }\n",
       "</style>\n",
       "<table border=\"1\" class=\"dataframe\">\n",
       "  <thead>\n",
       "    <tr style=\"text-align: right;\">\n",
       "      <th></th>\n",
       "      <th>user_code</th>\n",
       "      <th>how_sleep</th>\n",
       "      <th>how_mood</th>\n",
       "    </tr>\n",
       "  </thead>\n",
       "  <tbody>\n",
       "    <tr>\n",
       "      <th>0</th>\n",
       "      <td>007b8190cf</td>\n",
       "      <td>0.000000</td>\n",
       "      <td>-0.500000</td>\n",
       "    </tr>\n",
       "    <tr>\n",
       "      <th>1</th>\n",
       "      <td>01bad5a519</td>\n",
       "      <td>0.025000</td>\n",
       "      <td>0.011111</td>\n",
       "    </tr>\n",
       "    <tr>\n",
       "      <th>2</th>\n",
       "      <td>0210b20eea</td>\n",
       "      <td>0.000000</td>\n",
       "      <td>0.400000</td>\n",
       "    </tr>\n",
       "    <tr>\n",
       "      <th>3</th>\n",
       "      <td>024719e7da</td>\n",
       "      <td>0.000000</td>\n",
       "      <td>0.000000</td>\n",
       "    </tr>\n",
       "    <tr>\n",
       "      <th>4</th>\n",
       "      <td>05bcfae0a4</td>\n",
       "      <td>0.000000</td>\n",
       "      <td>0.000000</td>\n",
       "    </tr>\n",
       "    <tr>\n",
       "      <th>...</th>\n",
       "      <td>...</td>\n",
       "      <td>...</td>\n",
       "      <td>...</td>\n",
       "    </tr>\n",
       "    <tr>\n",
       "      <th>122</th>\n",
       "      <td>f9edcb7056</td>\n",
       "      <td>-0.176471</td>\n",
       "      <td>-0.029703</td>\n",
       "    </tr>\n",
       "    <tr>\n",
       "      <th>123</th>\n",
       "      <td>fcf3ea75b0</td>\n",
       "      <td>0.045802</td>\n",
       "      <td>0.140127</td>\n",
       "    </tr>\n",
       "    <tr>\n",
       "      <th>124</th>\n",
       "      <td>fde84801d8</td>\n",
       "      <td>-0.190476</td>\n",
       "      <td>-0.651376</td>\n",
       "    </tr>\n",
       "    <tr>\n",
       "      <th>125</th>\n",
       "      <td>fe5ca7e4ea</td>\n",
       "      <td>0.000000</td>\n",
       "      <td>-0.100000</td>\n",
       "    </tr>\n",
       "    <tr>\n",
       "      <th>126</th>\n",
       "      <td>fe6c1b1349</td>\n",
       "      <td>0.000000</td>\n",
       "      <td>-0.285714</td>\n",
       "    </tr>\n",
       "  </tbody>\n",
       "</table>\n",
       "<p>127 rows × 3 columns</p>\n",
       "</div>"
      ],
      "text/plain": [
       "      user_code  how_sleep  how_mood\n",
       "0    007b8190cf   0.000000 -0.500000\n",
       "1    01bad5a519   0.025000  0.011111\n",
       "2    0210b20eea   0.000000  0.400000\n",
       "3    024719e7da   0.000000  0.000000\n",
       "4    05bcfae0a4   0.000000  0.000000\n",
       "..          ...        ...       ...\n",
       "122  f9edcb7056  -0.176471 -0.029703\n",
       "123  fcf3ea75b0   0.045802  0.140127\n",
       "124  fde84801d8  -0.190476 -0.651376\n",
       "125  fe5ca7e4ea   0.000000 -0.100000\n",
       "126  fe6c1b1349   0.000000 -0.285714\n",
       "\n",
       "[127 rows x 3 columns]"
      ]
     },
     "execution_count": 51,
     "metadata": {},
     "output_type": "execute_result"
    }
   ],
   "source": [
    "sleep_mood_df = df_clean.groupby('user_code')[['how_sleep', 'how_mood']].mean().reset_index()\n",
    "\n",
    "sleep_mood_df"
   ]
  },
  {
   "cell_type": "code",
   "execution_count": 52,
   "id": "1b0f124c",
   "metadata": {},
   "outputs": [
    {
     "data": {
